.Random.seed <-
c(10403L, 10L, -2002295890L, 1658699272L, 2017194507L, 1642914537L, 
-1814327880L, 913762918L, 1969854209L, -2046778989L, 2003794498L, 
2047806964L, -740345865L, -1234850835L, -1017035644L, -849159510L, 
-308670443L, -2043586385L, 364508854L, 1210418400L, -1740060637L, 
1334941505L, -307963344L, -877541298L, -2136983367L, 1824124107L, 
720171386L, -7738244L, 1884604607L, 885685653L, -1094369876L, 
-351070334L, 860683613L, -852741033L, 305615678L, -2078966920L, 
1968126043L, 567377849L, 514276872L, 11889846L, 1577614321L, 
-2040642013L, -1966016910L, -170906428L, 1385671303L, -466312611L, 
-1531435948L, -160158086L, -1941697083L, 531803935L, 1807588006L, 
-1854006224L, -1592754477L, 1312939249L, -1485752288L, 1555930814L, 
1143438025L, 1333006459L, 228838986L, 462092972L, -1399771729L, 
1660165477L, 182700828L, -85708942L, -559692819L, -1458109401L, 
-1237722034L, 1813749928L, 1272843947L, 250506185L, 744359896L, 
-500150650L, 363042657L, 1961069299L, 146543970L, -444406828L, 
1675167447L, 943221965L, 330919012L, -1850793398L, 1686939573L, 
2014935823L, 501172246L, 697373376L, -1285086077L, -1399304031L, 
-1139894640L, 656750L, 1157755673L, -218859605L, 776082842L, 
-158895780L, 705661023L, -1387001803L, 350702540L, 307461922L, 
-1787240067L, -2013820297L, 426955678L, 827679320L, -863974469L, 
1225358681L, -739805464L, 862406422L, 1269368977L, -608893629L, 
-1044004782L, 1727537892L, 1404204327L, -476066435L, -299776908L, 
289738330L, -2007205211L, -618610497L, 1372144454L, 486576592L, 
1164325875L, -741668079L, 381811520L, -2132802786L, 681659369L, 
1653080347L, -764691670L, 1352891468L, 1633629199L, 2122268485L, 
-132409092L, 1480370002L, -1565497139L, 2111256711L, 2073078638L, 
665435464L, 251046219L, -1009910615L, -989192712L, -1932770010L, 
-214092223L, -1103937581L, -1238887038L, -291538508L, 2049475895L, 
1115541549L, -804709052L, -464938390L, 284062933L, 216367727L, 
2001119094L, -1668101984L, 44786019L, -605408767L, 811745648L, 
211738894L, -1354198151L, -1409688821L, 1636058170L, -279223492L, 
-786679681L, -597779499L, -1015106068L, -1474382014L, -2080900963L, 
1528955159L, 37918846L, 301527096L, -1396431077L, -1688427399L, 
-1500140344L, -1447985930L, 273268017L, -641442461L, -977174734L, 
796473476L, -924425017L, 133367709L, 1292702484L, 1847165370L, 
-689825787L, -117625377L, 1921032294L, -817885200L, 1306257683L, 
-987900239L, -1572953760L, -1545644290L, -285166967L, -1652879941L, 
-1195075702L, -1986814356L, 278200303L, -616032219L, -894273316L, 
-986603854L, 91083181L, -2011032217L, -1729568114L, 1846913896L, 
560780139L, 1367026953L, -1549458536L, 1757295302L, -262506463L, 
-1433056077L, 1046924834L, -1567698924L, 1274958999L, 1351089805L, 
-1103614044L, 2133242250L, -2130121227L, 1374421071L, 2018080598L, 
2104094208L, -627761341L, -1936247071L, 1314804816L, 1684348078L, 
853010521L, 1359186027L, -1292890662L, -1133955428L, -929101665L, 
7946997L, -696533108L, -939397534L, -837283267L, -349053769L, 
1780327262L, -1197717864L, -756849157L, 1561205344L, 1057544332L, 
-2119661216L, 807545058L, 104228008L, 628170444L, -1256936964L, 
-276974670L, -883688464L, 1488234948L, 1897885016L, -933340806L, 
1233131952L, -1942937156L, 2072284756L, -443631166L, -1942598880L, 
490625980L, 809889872L, 1570382818L, 1954711400L, -1097179316L, 
943558396L, 285167346L, -1897820928L, -1977146252L, -864358904L, 
1060650426L, 2040743376L, -1399230484L, -1607840876L, -72568622L, 
-82428832L, -713657012L, -1367831776L, 1654176386L, -503422488L, 
1219961836L, -801384900L, -239272334L, 1877144432L, -640856796L, 
-1195320776L, -1528376934L, 832456144L, -2062621252L, 339248788L, 
1394262658L, -323447360L, -1845072068L, 542077584L, 557033250L, 
1957713416L, 1582039820L, -1560241252L, 199672850L, -429059200L, 
839781140L, 82474280L, 100798522L, -1224805424L, -388081044L, 
38485044L, -826402670L, 447168864L, 462564684L, -1846964768L, 
1277244322L, -358315096L, -1131459444L, -659422276L, 1981545586L, 
-1530341392L, -1119873980L, -2003617704L, 1458495546L, -111169424L, 
-1886267844L, -489826540L, 894266050L, -942583072L, 1152568444L, 
1017871568L, -929985630L, 1375776296L, 1837496588L, -729196612L, 
-1763612366L, -1587879744L, -225213900L, -74708280L, -1239844166L, 
-1282734960L, 84850412L, 257449556L, -668121454L, -336013536L, 
509708236L, 1997545696L, 86179522L, 1926071336L, 1099778988L, 
-429253956L, -620803598L, 64493104L, 199247780L, -1269329480L, 
-1509166246L, 1244509328L, 193559420L, 1569093396L, -286388926L, 
-305381632L, 1896526780L, -1238921392L, -849946334L, -1786142136L, 
-78467060L, -437603236L, 382829010L, 2090622464L, 879341908L, 
-1212157720L, 20664570L, 1915356880L, 1662832940L, 1312395508L, 
1341566354L, -871143072L, 1794680844L, -1967627552L, -2098742686L, 
121590440L, -1159517620L, 372973436L, -782826190L, 704722544L, 
-1927883964L, -17029160L, 1781159802L, 1313629744L, -1140402244L, 
-978454956L, 281092162L, -1443811168L, -863635780L, -716965424L, 
-401583262L, -557845784L, 1184571596L, 1702175228L, -15588878L, 
-1893504384L, -1907810828L, 588457608L, -612786374L, 1612190544L, 
-1615803284L, 1960358292L, 1823175762L, -234470944L, 221441228L, 
1535706272L, -1295317630L, 473721064L, -1718987028L, -2082536132L, 
-1776935822L, 91568240L, 1140584484L, 6560824L, 1738501914L, 
-190829360L, 904593212L, 839235476L, -1533238398L, -683759168L, 
-797491652L, -363502192L, -1678352862L, 2049492232L, -1461027188L, 
588853020L, -1239187310L, 1676753280L, -1916037612L, -1292325080L, 
-1811338694L, 728071632L, -1744680596L, -1069726796L, -2026080238L, 
1434568160L, 815683532L, -1225408288L, 1648670754L, 587542824L, 
369561100L, 912729916L, -2118839310L, -1435637008L, -1931383228L, 
-930901416L, 1301880634L, 601396720L, 1069790908L, 133880084L, 
159224514L, -1026472864L, 1748767612L, 850061264L, -1934986974L, 
-1037256024L, 1669987212L, -330528580L, 1915273010L, 2033936960L, 
-328311628L, 1911272008L, 430421434L, 236519952L, -1713544468L, 
442327380L, -1226989294L, -982258272L, -249630004L, 2127396448L, 
752892475L, -709890164L, -721605094L, -1078405489L, 166523353L, 
-580336018L, -1331157508L, 23928685L, -1192687337L, -598924064L, 
156273342L, 1610582155L, 1900066573L, 1020335930L, 534458232L, 
1617511713L, -1836198445L, -2039122700L, 1855786370L, -219514857L, 
1500348129L, 365766694L, 1135684900L, -1103178283L, -1045571201L, 
1741064216L, -575768778L, -898346557L, 928833541L, 375997346L, 
-1431302256L, 1973726009L, -461799445L, 1517084892L, -1815813878L, 
-788582401L, -1284341175L, -1212291106L, -722540660L, 1264252765L, 
812543847L, 56153232L, -241108306L, 2044319579L, 1533323069L, 
391943594L, 544774728L, -1078445455L, -1953883165L, 165168868L, 
619322898L, -213423641L, 931300785L, -1083685898L, -1756156396L, 
-1910099675L, -1682417105L, -1992400920L, 732793030L, -1653355149L, 
-1516431915L, 1315215794L, 1190500224L, 816647017L, 1093255131L, 
-1850284244L, -965736134L, -1549666321L, -1486372231L, 1551189262L, 
-1399345956L, -194641075L, -451474761L, 529492032L, -1714255586L, 
-1761094677L, -636248211L, 1192908250L, -1070684264L, -1054743039L, 
-339785805L, -583715116L, 2136297442L, 532918903L, 1920953281L, 
-37086906L, -1992177532L, 656182837L, -1197525473L, 1840140664L, 
-370233258L, 406240483L, -777110875L, -432634046L, 528725296L, 
1465279833L, -941521205L, -332153028L, 1871239018L, -223316577L, 
1355041833L, -1870934338L, -1267720276L, 1439704317L, 1641586759L, 
-391782608L, -1216935858L, 2111931515L, 1374496733L, -2122574326L, 
1504963368L, 67081617L, -1963586685L, -1161056124L, -878125390L, 
1888576007L, -588549551L, 982575574L, -188885836L, -1139453755L, 
1106616847L, -1495557496L, -1896923226L, -675735725L, 1248176309L, 
-1474648558L, 1944556512L, -2097519031L, -255241093L, -16231092L, 
-2032230182L, 1938780367L, 852692121L, 782987438L, 86322620L, 
48092717L, 1194987991L, 890722336L, -1764426370L, -1521130677L, 
438856013L, 1567139706L, -410031688L, -1106470047L, -1617700077L, 
